[438 497 711 722]
[229  68 653 406]
[244 418 461 588]
[183 395 406 563]
[229 526 403 634]
[310 539 532 708]
[402 411 622 581]
[496 531 682 689]
[610 428 787 538]
[561 323 748 498]
[464 306 567 422]
[319 282 524 448]
[262 359 415 467]
[226 374 678 712]
[157 519 527 793]
[363 639 677 842]
[377 799 635 952]
[363 199 573 364]
[527 245 742 410]
[593 106 819 284]
[219  38 652 469]
[113 587 452 922]
[363 271 463 375]
[357 374 468 470]
[390 366 433 381]
[433 432 541 527]
[433 330 529 432]
[496 324 568 437]
[625 237 866 438]
[194 603 291 707]
[270 561 361 655]
[204 498 317 587]
[129 361 291 482]
[242 389 331 476]
[218 265 343 414]
[174 300 323 423]
[126  10 585 516]
[377 540 465 607]
[383 474 470 549]
[420 109 792 514]
[107 673 428 966]
[385 698 684 997]
[313 483 822 893]
[ 59 584 396 937]
[165 240 589 596]
[433  75 967 493]
[629 379 936 592]
[159 626 332 826]
[308 518 484 627]
[158   1 430 151]
[267 663 400 775]
[ 219  911  507 1023]
[ 480  767  677 1023]
[ 599  768  852 1023]
[223 630 520 876]
[243 394 532 694]
[259 471 378 583]
[359 500 463 599]
[367 390 487 494]
[358 393 463 501]
[396 289 504 393]
[467 526 578 631]
[497 405 607 505]
[586 101 727 204]
[578 188 723 302]
[629 220 747 318]
[327 267 759 612]
[658 404 868 783]
[509 545 660 731]
[294 333 667 701]
[380 643 635 844]
[377 292 587 364]
[474 355 697 580]
[ 30 336 124 431]
[ 29 455 124 552]
[129 757 242 863]
[ 69 682 207 808]
[ 47 564 195 701]
[ 69 470 195 579]
[216 735 317 851]
[174 668 219 743]
[174 576 214 683]
[208 662 285 756]
[273 681 344 775]
[198 577 270 679]
[257 583 325 682]
[227 508 289 597]
[153 473 238 593]
[188 401 298 511]
[283 302 336 353]
[257 278 314 333]
[129 195 381 401]
[158  87 373 246]
[128 484 209 563]
[129 425 199 490]
[128 438 157 490]
[421 446 580 586]
[323 350 851 955]
[ 173  594  542 1024]
[ 455  933  692 1023]
[320 364 512 729]
[ 385  472  694 1024]
[405 381 664 659]
[676 236 851 959]
[ 514  605  682 1024]
[ 563  689  853 1024]
[ 336  884  477 1024]
[ 272  751  394 1023]
[ 267  953  328 1023]
[268 399 393 745]
[194 469 387 784]
[338 366 424 417]
[212 218 263 379]
[359   1 550 208]
[285  37 395 201]
[229   2 346 117]
[296   1 427  52]
[516  10 852 486]
[548   2 853  99]
[130 455 375 587]
[129 354 333 569]
[225 241 495 460]
[266 219 843 667]
[409 300 503 369]
[341 280 440 369]
[369 228 474 325]
[386 190 451 239]
[445 172 537 278]
[518 214 572 272]
[475 256 579 355]
[323 474 410 543]
[256 542 370 595]
[525 588 662 764]
[630 538 728 632]
[669 512 778 619]
[478 451 613 581]
[636 520 806 682]
[727 399 913 580]
[255  53 513 368]
[488   0 874 406]
[628 384 771 545]
[661 457 873 610]
[506 551 859 873]
[293 266 663 784]
[300 301 537 536]
[341 548 575 782]
[184 506 625 875]
[316 842 413 907]
[436 520 485 562]
[184 466 690 974]
[474 158 847 577]
[272 429 797 985]
[ 362  905  558 1023]
[ 505  980  684 1024]
[398 358 538 477]
[775 365 840 416]
[777 437 837 498]
[779 568 842 634]
[358 599 632 799]
[457 446 681 631]
[569 352 730 506]
[714 337 937 526]
[102 553 213 643]
[475 494 539 542]
[368 469 528 616]
[544 614 608 685]
[212 678 301 793]
[291 720 368 799]
[277 629 356 723]
[241 578 299 685]
[353 646 435 725]
[282 517 358 631]
[309 559 395 645]
[370 591 429 651]
[425 577 514 659]
[380 515 467 600]
[353 458 407 567]
[398 414 489 524]
[462 488 552 576]
[445 388 522 502]
[511 322 585 426]
[583 287 650 363]
[694 494 836 674]
[  0 130 295 299]
[274 128 563 358]
[554 129 781 300]
[765 130 987 237]
[328 321 432 391]
[422 257 574 427]
[727 188 991 463]
[832 413 956 510]
[625 422 872 698]
[467 281 757 582]
[369 493 627 790]
[ 55 393 410 735]
[149 178 442 430]
[400 463 691 759]
[266 394 519 679]
[407 114 740 478]
[ 545  181 1024  776]
[516 777 970 896]
[129 602 171 655]
[271 597 354 654]
[263 476 362 567]
[213 383 278 442]
[129 256 182 325]
[129 324 166 385]
[251   1 304  34]
[179  56 218  97]
[196  76 233 118]
[618 421 679 443]
[561 274 605 286]
[332 480 436 595]
[380 438 488 551]
[284 370 404 478]
[316 246 442 375]
[358 370 401 411]
[453 406 551 483]
[437 284 574 414]
[406 343 519 443]
[392 151 493 284]
[205 147 409 314]
[158   1 364 165]
[267 304 318 323]
[372 152 409 170]
[167  64 768 571]
[391 600 605 777]
[254  66 444 237]
[419 154 549 332]
[229 228 402 372]
[379 229 465 354]
[428 131 518 153]
[249 134 294 221]
[173 177 282 309]
[173 352 327 509]
[288 328 415 450]
[434 320 526 359]
[495 106 666 286]
[591 249 744 409]
[608 391 770 583]
[650 117 764 257]
[767 106 851 296]
[659  82 788 172]
[362   7 575 142]
[496  39 621  84]
[689 732 827 917]
[765 695 851 909]
[577 738 722 914]
[438 803 624 953]
[240 739 469 961]
[173 571 338 732]
[173 720 307 913]
[780 286 850 433]
[573  75 667 131]
[508 625 605 724]
