[12 74 93 161]
[9 90 156 202]
[6 63 69 151]
[1 89 76 196]
[30 33 184 205]
[1 22 96 144]
[13 116 103 222]
[21 10 219 161]
[1 88 71 174]
[22 13 150 159]
[48 79 172 175]
[10 30 223 147]
[12 79 116 192]
[15 10 200 166]
[14 60 103 144]
[14 87 219 212]
[89 134 150 213]
[123 87 197 163]
[145 35 210 129]
[1 2 173 204]
[10 67 82 128]
[10 17 193 217]
[36 21 180 194]
[145 45 221 129]
[122 130 171 186]
[2 65 220 172]
[15 1 222 218]
[29 15 191 137]
[25 28 173 211]
[100 57 223 178]
[12 99 94 201]
[2 13 219 223]
[12 108 92 205]
[29 19 222 221]
[1 26 223 198]
[1 3 223 222]
[5 6 169 154]
[1 19 223 207]
[34 23 207 216]
[1 90 97 201]
[36 36 182 177]
[57 43 174 183]
[49 22 203 173]
[30 57 175 203]
[28 16 205 213]
[34 3 191 161]
[30 46 198 183]
[19 89 94 182]
[22 118 103 214]
[4 113 85 203]
[21 119 92 208]
[10 111 103 210]
[14 117 99 216]