[11 74 91 160]
[116 45 223 190]
[64 17 110 44]
[130 55 173 85]
[9 91 157 203]
[195 150 223 205]
[109 60 203 179]
[5 61 68 150]
[36 22 65 62]
[181 23 209 62]
[73 35 172 153]
[1 89 76 196]
[32 33 182 206]
[1 23 94 145]
[91 58 223 213]
[12 113 102 223]
[28 29 91 82]
[111 67 223 193]
[1 89 71 174]
[86 52 217 185]
[22 14 150 159]
[1 73 108 213]
[120 140 223 223]
[68 2 161 76]
[183 32 223 75]
[12 33 223 150]
[87 42 161 96]
[9 45 74 108]
[11 118 68 205]
[91 111 135 172]
[157 97 224 188]
[166 64 204 95]
[13 79 114 192]
[89 46 146 93]
[162 87 223 163]
[17 10 200 163]
[69 97 157 166]
[129 24 157 65]
[32 4 101 87]
[19 148 70 211]
[156 130 218 221]
[85 136 133 195]
[121 61 214 144]
[15 59 101 143]
[17 89 220 210]
[142 11 179 71]
[136 91 185 152]
[70 39 103 73]
[2 60 55 121]
[8 129 79 223]
[68 89 112 138]
[91 135 151 213]
[194 103 223 148]
[98 170 137 212]
[123 89 198 167]
[76 55 135 92]
[29 98 98 166]
[146 35 209 127]
[2 20 125 185]
[1 1 173 201]
[12 66 82 126]
[60 35 108 70]
[134 27 191 62]
[102 90 204 169]
[29 30 67 73]
[27 103 76 169]
[79 56 118 102]
[141 30 189 88]
[120 124 178 183]
[12 17 189 210]
[164 34 207 112]
[4 101 119 172]
[4 51 114 119]
[145 42 222 130]
[22 110 68 157]
[65 70 106 115]
[74 153 107 194]
[122 134 172 185]
[116 63 168 118]
[5 46 126 188]
[146 66 219 154]
[16 4 223 219]
[19 27 174 209]
[71 1 164 102]
[1 98 79 186]
[89 121 164 214]
[161 87 224 148]
[38 143 116 179]
[2 74 84 149]
[103 58 224 177]
[102 4 163 75]
[13 97 92 204]
[127 112 197 206]
[25 27 223 223]
[4 4 170 151]
[38 25 205 215]
[71 68 152 126]
[75 43 161 87]
[147 108 217 178]
[0 94 93 201]
[35 36 181 176]
[29 60 175 201]
[19 91 93 179]
[82 34 145 93]
[121 85 213 185]
[2 62 58 118]
[156 45 198 102]
[60 36 137 105]
[22 119 104 213]
[132 116 211 208]
[3 113 84 203]
[39 51 87 95]
[116 47 178 103]
[118 111 208 211]
[38 38 87 110]
[22 117 92 206]
[116 123 191 214]
[108 56 218 117]
[45 44 98 100]
[124 41 172 80]
[10 112 100 210]
[112 114 207 221]
[44 35 111 113]
[134 56 179 94]
[13 117 97 218]
[126 115 210 216]
[37 28 111 99]
[140 56 200 102]
[37 113 111 190]
[133 111 208 190]
[14 122 94 215]
[28 55 119 120]
[122 50 170 90]
[133 119 214 215]
[132 97 211 191]
[128 28 174 76]
[57 34 123 92]
[20 97 93 189]
[58 27 171 112]
[11 106 100 200]
[139 135 211 217]
[70 31 164 116]
[130 117 204 202]
[30 116 107 206]
[31 5 105 64]
[9 72 103 186]
[121 38 214 76]
[131 85 223 195]
